7.2487881157 27.5712240065 0 0.680644237322 25
230.62411614 27.5115862881 0 0.905673541004 25
94.6697842536 26.2497119584 0 0.779699371099 25
349.286727197 27.2656668684 0 0.911743271236 25
272.032451705 27.1751786775 0 0.654166092766 25
269.646026758 26.3395880044 0 0.896515005364 25
220.704710063 28.6117661078 0 0.787055316605 25
227.089994371 28.8081498576 0 0.780855674961 25
96.265099957 26.4970393419 0 0.745632371072 25
151.964201724 27.9931076472 0 0.91227523347 25
43.6273171518 25.1297744522 0 0.818081090813 25
55.9253319671 27.592907197 0 0.731822934681 25
205.395382612 28.0193910429 0 0.858743850297 25
288.583440407 28.568860685 0 0.879923023082 25
211.116832658 25.0203438966 0 0.741544591648 25
237.535004584 29.0926080297 0 0.814575763521 25
34.5352914027 25.3621283251 0 0.897840610013 25
26.5371503739 27.4137248259 0 0.71951847037 25
318.029282313 25.7396112563 0 0.848633329518 25
138.858429053 28.1397264091 0 0.855015438796 25
198.083443727 27.8970132328 0 0.796077105678 25
268.1951667 29.5072087965 0 0.757795594226 25
29.429257315 29.3070644024 0 0.842749126496 25
193.511211069 29.0360907226 0 0.791269082662 25
